7.693e-08 1.405e-08 6.798e-08 2.522e-08 1.133e-09 -6.202e-09 -6.861e-09 7.117e-08 1.795e-08 1.337e-09 2.037e-08 6.734e-08 1.681e-08 1.464e-07 -1.512e-08 -1.281e-08 -2.384e-08 1.750e-08 1.021e-07 -2.134e-08 0.000e+00 0.000e+00 0.000e+00 0.000e+00 0.000e+00 0.000e+00 0.000e+00 0.000e+00 0.000e+00 0.000e+00 -0.000e+00 0.000e+00 -0.000e+00 0.000e+00 -0.000e+00 0.000e+00 0.000e+00 -0.000e+00 0.000e+00 -0.000e+00 0.000e+00 0.000e+00 0.000e+00 0.000e+00 -0.000e+00 0.000e+00 0.000e+00 0.000e+00 0.000e+00 -0.000e+00 0.000e+00 0.000e+00 0.000e+00 0.000e+00 0.000e+00 -0.000e+00 -0.000e+00 0.000e+00 0.000e+00 0.000e+00 0.000e+00 0.000e+00 -0.000e+00 0.000e+00 0.000e+00 0.000e+00 -0.000e+00 0.000e+00 0.000e+00 0.000e+00 0.000e+00 0.000e+00 -0.000e+00 0.000e+00 0.000e+00 0.000e+00 0.000e+00 0.000e+00 0.000e+00 0.000e+00 0.000e+00 -0.000e+00 -0.000e+00 -0.000e+00 -0.000e+00 -0.000e+00 -0.000e+00 0.000e+00 -0.000e+00 -0.000e+00
1.405e-08 6.099e-05 3.534e-08 7.099e-05 9.900e-08 2.636e-07 3.003e-07 2.100e-08 6.575e-05 1.062e-07 -6.671e-08 3.687e-05 -1.057e-07 4.357e-05 -3.872e-07 -5.856e-07 -6.509e-07 -8.804e-08 4.006e-05 -4.412e-07 -0.000e+00 0.000e+00 -0.000e+00 0.000e+00 -0.000e+00 -0.000e+00 -0.000e+00 -0.000e+00 0.000e+00 -0.000e+00 0.000e+00 0.000e+00 0.000e+00 0.000e+00 0.000e+00 0.000e+00 0.000e+00 0.000e+00 0.000e+00 0.000e+00 -0.000e+00 -0.000e+00 0.000e+00 -0.000e+00 0.000e+00 0.000e+00 0.000e+00 -0.000e+00 -0.000e+00 0.000e+00 -0.000e+00 0.000e+00 -0.000e+00 0.000e+00 -0.000e+00 -0.000e+00 -0.000e+00 -0.000e+00 0.000e+00 -0.000e+00 0.000e+00 0.000e+00 0.000e+00 0.000e+00 -0.000e+00 0.000e+00 0.000e+00 0.000e+00 0.000e+00 -0.000e+00 -0.000e+00 0.000e+00 0.000e+00 0.000e+00 0.000e+00 0.000e+00 0.000e+00 -0.000e+00 0.000e+00 0.000e+00 -0.000e+00 0.000e+00 -0.000e+00 0.000e+00 -0.000e+00 0.000e+00 0.000e+00 -0.000e+00 0.000e+00 -0.000e+00
6.798e-08 3.534e-08 5.150e-07 8.196e-08 -5.844e-09 -2.059e-08 -3.033e-08 1.860e-07 5.425e-08 -8.013e-09 1.587e-08 1.185e-07 1.154e-07 3.046e-07 -1.767e-08 -4.692e-08 -6.353e-08 4.231e-08 1.905e-07 -2.362e-08 0.000e+00 0.000e+00 0.000e+00 0.000e+00 0.000e+00 0.000e+00 0.000e+00 0.000e+00 0.000e+00 0.000e+00 -0.000e+00 0.000e+00 0.000e+00 0.000e+00 0.000e+00 0.000e+00 0.000e+00 -0.000e+00 0.000e+00 0.000e+00 0.000e+00 0.000e+00 0.000e+00 0.000e+00 0.000e+00 0.000e+00 0.000e+00 0.000e+00 0.000e+00 0.000e+00 0.000e+00 -0.000e+00 0.000e+00 0.000e+00 -0.000e+00 -0.000e+00 -0.000e+00 0.000e+00 0.000e+00 -0.000e+00 -0.000e+00 0.000e+00 -0.000e+00 0.000e+00 -0.000e+00 -0.000e+00 -0.000e+00 -0.000e+00 0.000e+00 -0.000e+00 -0.000e+00 0.000e+00 -0.000e+00 0.000e+00 0.000e+00 0.000e+00 0.000e+00 -0.000e+00 0.000e+00 0.000e+00 -0.000e+00 -0.000e+00 0.000e+00 -0.000e+00 -0.000e+00 -0.000e+00 -0.000e+00 -0.000e+00 -0.000e+00 -0.000e+00
2.522e-08 7.099e-05 8.196e-08 1.012e-04 2.941e-07 4.930e-07 6.112e-07 4.539e-08 8.472e-05 3.604e-07 -9.585e-08 4.310e-05 -2.667e-07 5.670e-05 -6.045e-07 -1.144e-06 -1.322e-06 -1.648e-07 4.941e-05 -6.969e-07 -0.000e+00 0.000e+00 -0.000e+00 0.000e+00 -0.000e+00 -0.000e+00 -0.000e+00 -0.000e+00 0.000e+00 -0.000e+00 0.000e+00 0.000e+00 0.000e+00 0.000e+00 0.000e+00 0.000e+00 0.000e+00 0.000e+00 0.000e+00 0.000e+00 -0.000e+00 -0.000e+00 0.000e+00 -0.000e+00 0.000e+00 0.000e+00 0.000e+00 -0.000e+00 -0.000e+00 0.000e+00 -0.000e+00 0.000e+00 -0.000e+00 0.000e+00 -0.000e+00 -0.000e+00 -0.000e+00 -0.000e+00 0.000e+00 -0.000e+00 0.000e+00 0.000e+00 0.000e+00 0.000e+00 0.000e+00 0.000e+00 0.000e+00 0.000e+00 0.000e+00 0.000e+00 0.000e+00 0.000e+00 0.000e+00 0.000e+00 0.000e+00 0.000e+00 0.000e+00 0.000e+00 0.000e+00 0.000e+00 -0.000e+00 0.000e+00 -0.000e+00 0.000e+00 0.000e+00 0.000e+00 0.000e+00 -0.000e+00 0.000e+00 0.000e+00
1.133e-09 9.900e-08 -5.844e-09 2.941e-07 9.277e-07 7.083e-07 8.075e-07 -1.644e-09 1.853e-07 1.027e-06 8.548e-09 -6.846e-07 6.399e-09 -8.175e-07 2.553e-07 9.711e-08 1.049e-07 8.020e-09 -7.529e-07 2.660e-07 -0.000e+00 -0.000e+00 0.000e+00 -0.000e+00 0.000e+00 -0.000e+00 -0.000e+00 0.000e+00 -0.000e+00 0.000e+00 0.000e+00 0.000e+00 -0.000e+00 -0.000e+00 0.000e+00 -0.000e+00 -0.000e+00 0.000e+00 -0.000e+00 0.000e+00 0.000e+00 -0.000e+00 0.000e+00 -0.000e+00 0.000e+00 -0.000e+00 -0.000e+00 0.000e+00 -0.000e+00 0.000e+00 -0.000e+00 0.000e+00 0.000e+00 0.000e+00 0.000e+00 0.000e+00 0.000e+00 -0.000e+00 0.000e+00 0.000e+00 -0.000e+00 0.000e+00 -0.000e+00 0.000e+00 0.000e+00 0.000e+00 0.000e+00 -0.000e+00 0.000e+00 0.000e+00 -0.000e+00 0.000e+00 0.000e+00 0.000e+00 0.000e+00 0.000e+00 0.000e+00 -0.000e+00 0.000e+00 0.000e+00 0.000e+00 -0.000e+00 0.000e+00 0.000e+00 -0.000e+00 0.000e+00 0.000e+00 0.000e+00 0.000e+00 -0.000e+00
-6.202e-09 2.636e-07 -2.059e-08 4.930e-07 7.083e-07 1.899e-06 2.158e-06 -1.192e-08 3.713e-07 8.503e-07 8.082e-09 -6.936e-07 6.887e-09 -1.159e-06 1.111e-07 2.554e-07 2.967e-07 1.043e-08 -9.005e-07 1.397e-07 -0.000e+00 -0.000e+00 -0.000e+00 -0.000e+00 -0.000e+00 0.000e+00 0.000e+00 -0.000e+00 -0.000e+00 -0.000e+00 -0.000e+00 -0.000e+00 0.000e+00 -0.000e+00 -0.000e+00 -0.000e+00 -0.000e+00 -0.000e+00 -0.000e+00 -0.000e+00 0.000e+00 -0.000e+00 0.000e+00 -0.000e+00 -0.000e+00 -0.000e+00 -0.000e+00 0.000e+00 -0.000e+00 -0.000e+00 0.000e+00 0.000e+00 0.000e+00 0.000e+00 0.000e+00 0.000e+00 0.000e+00 0.000e+00 0.000e+00 0.000e+00 -0.000e+00 0.000e+00 -0.000e+00 0.000e+00 0.000e+00 0.000e+00 0.000e+00 -0.000e+00 0.000e+00 0.000e+00 0.000e+00 0.000e+00 0.000e+00 0.000e+00 0.000e+00 0.000e+00 0.000e+00 0.000e+00 0.000e+00 0.000e+00 0.000e+00 0.000e+00 -0.000e+00 0.000e+00 0.000e+00 0.000e+00 0.000e+00 0.000e+00 0.000e+00 0.000e+00
-6.861e-09 3.003e-07 -3.033e-08 6.112e-07 8.075e-07 2.158e-06 2.789e-06 -1.538e-08 4.370e-07 1.085e-06 2.872e-09 -7.398e-07 1.485e-08 -1.232e-06 1.042e-07 2.953e-07 3.681e-07 6.485e-09 -9.573e-07 1.362e-07 0.000e+00 -0.000e+00 -0.000e+00 -0.000e+00 -0.000e+00 0.000e+00 0.000e+00 -0.000e+00 -0.000e+00 -0.000e+00 0.000e+00 -0.000e+00 0.000e+00 -0.000e+00 -0.000e+00 -0.000e+00 -0.000e+00 0.000e+00 -0.000e+00 -0.000e+00 0.000e+00 -0.000e+00 0.000e+00 -0.000e+00 -0.000e+00 -0.000e+00 -0.000e+00 0.000e+00 -0.000e+00 -0.000e+00 0.000e+00 0.000e+00 0.000e+00 0.000e+00 0.000e+00 0.000e+00 0.000e+00 0.000e+00 0.000e+00 0.000e+00 -0.000e+00 0.000e+00 -0.000e+00 0.000e+00 0.000e+00 0.000e+00 0.000e+00 -0.000e+00 0.000e+00 0.000e+00 0.000e+00 0.000e+00 0.000e+00 0.000e+00 0.000e+00 0.000e+00 0.000e+00 0.000e+00 0.000e+00 0.000e+00 0.000e+00 0.000e+00 -0.000e+00 0.000e+00 0.000e+00 0.000e+00 0.000e+00 -0.000e+00 0.000e+00 -0.000e+00
7.117e-08 2.100e-08 1.860e-07 4.539e-08 -1.644e-09 -1.192e-08 -1.538e-08 1.326e-07 3.140e-08 -1.032e-09 1.663e-08 9.609e-08 4.346e-08 2.103e-07 -1.269e-08 -2.314e-08 -4.117e-08 3.144e-08 1.436e-07 -2.189e-08 0.000e+00 0.000e+00 0.000e+00 0.000e+00 0.000e+00 0.000e+00 0.000e+00 0.000e+00 0.000e+00 0.000e+00 -0.000e+00 0.000e+00 -0.000e+00 0.000e+00 -0.000e+00 0.000e+00 0.000e+00 -0.000e+00 0.000e+00 -0.000e+00 0.000e+00 0.000e+00 0.000e+00 0.000e+00 0.000e+00 0.000e+00 0.000e+00 0.000e+00 0.000e+00 -0.000e+00 0.000e+00 0.000e+00 0.000e+00 0.000e+00 0.000e+00 -0.000e+00 -0.000e+00 0.000e+00 0.000e+00 0.000e+00 0.000e+00 0.000e+00 -0.000e+00 0.000e+00 0.000e+00 -0.000e+00 -0.000e+00 0.000e+00 0.000e+00 0.000e+00 0.000e+00 0.000e+00 -0.000e+00 0.000e+00 0.000e+00 0.000e+00 0.000e+00 0.000e+00 0.000e+00 0.000e+00 0.000e+00 -0.000e+00 -0.000e+00 -0.000e+00 -0.000e+00 -0.000e+00 -0.000e+00 -0.000e+00 -0.000e+00 -0.000e+00
1.795e-08 6.575e-05 5.425e-08 8.472e-05 1.853e-07 3.713e-07 4.370e-07 3.140e-08 7.469e-05 2.141e-07 -8.368e-08 3.983e-05 -1.681e-07 4.963e-05 -4.886e-07 -8.429e-07 -9.508e-07 -1.211e-07 4.446e-05 -5.578e-07 -0.000e+00 0.000e+00 -0.000e+00 0.000e+00 -0.000e+00 -0.000e+00 -0.000e+00 -0.000e+00 0.000e+00 -0.000e+00 0.000e+00 0.000e+00 0.000e+00 0.000e+00 0.000e+00 0.000e+00 0.000e+00 0.000e+00 0.000e+00 0.000e+00 -0.000e+00 -0.000e+00 0.000e+00 -0.000e+00 0.000e+00 0.000e+00 0.000e+00 -0.000e+00 -0.000e+00 0.000e+00 -0.000e+00 0.000e+00 -0.000e+00 0.000e+00 -0.000e+00 -0.000e+00 -0.000e+00 -0.000e+00 0.000e+00 -0.000e+00 0.000e+00 0.000e+00 0.000e+00 0.000e+00 0.000e+00 0.000e+00 0.000e+00 0.000e+00 0.000e+00 0.000e+00 -0.000e+00 0.000e+00 0.000e+00 0.000e+00 0.000e+00 0.000e+00 0.000e+00 -0.000e+00 0.000e+00 0.000e+00 -0.000e+00 0.000e+00 -0.000e+00 0.000e+00 0.000e+00 0.000e+00 0.000e+00 -0.000e+00 0.000e+00 0.000e+00
1.337e-09 1.062e-07 -8.013e-09 3.604e-07 1.027e-06 8.503e-07 1.085e-06 -1.032e-09 2.141e-07 1.264e-06 5.601e-09 -7.503e-07 1.166e-08 -8.752e-07 2.572e-07 1.170e-07 1.337e-07 7.162e-09 -8.181e-07 2.833e-07 -0.000e+00 -0.000e+00 0.000e+00 -0.000e+00 0.000e+00 -0.000e+00 -0.000e+00 0.000e+00 -0.000e+00 0.000e+00 0.000e+00 0.000e+00 -0.000e+00 -0.000e+00 0.000e+00 -0.000e+00 -0.000e+00 0.000e+00 -0.000e+00 0.000e+00 0.000e+00 -0.000e+00 0.000e+00 -0.000e+00 0.000e+00 -0.000e+00 -0.000e+00 0.000e+00 -0.000e+00 0.000e+00 -0.000e+00 0.000e+00 0.000e+00 0.000e+00 0.000e+00 0.000e+00 0.000e+00 -0.000e+00 0.000e+00 0.000e+00 -0.000e+00 0.000e+00 -0.000e+00 0.000e+00 0.000e+00 0.000e+00 0.000e+00 -0.000e+00 0.000e+00 0.000e+00 -0.000e+00 0.000e+00 0.000e+00 0.000e+00 0.000e+00 0.000e+00 0.000e+00 -0.000e+00 0.000e+00 0.000e+00 0.000e+00 -0.000e+00 -0.000e+00 0.000e+00 -0.000e+00 0.000e+00 0.000e+00 0.000e+00 0.000e+00 -0.000e+00
2.037e-08 -6.671e-08 1.587e-08 -9.585e-08 8.548e-09 8.082e-09 2.872e-09 1.663e-08 -8.368e-08 5.601e-09 5.090e-07 -4.597e-07 1.881e-07 -5.485e-07 -7.121e-08 4.306e-08 3.678e-08 2.945e-07 -4.982e-07 -1.029e-07 1.246e-07 4.400e-07 4.157e-08 2.092e-07 -1.830e-07 -4.011e-08 -2.754e-08 5.441e-08 3.330e-07 -1.761e-07 0.000e+00 0.000e+00 0.000e+00 0.000e+00 -0.000e+00 0.000e+00 0.000e+00 -0.000e+00 0.000e+00 -0.000e+00 0.000e+00 0.000e+00 0.000e+00 0.000e+00 -0.000e+00 0.000e+00 0.000e+00 0.000e+00 0.000e+00 -0.000e+00 0.000e+00 -0.000e+00 0.000e+00 0.000e+00 -0.000e+00 0.000e+00 0.000e+00 0.000e+00 0.000e+00 -0.000e+00 0.000e+00 0.000e+00 0.000e+00 0.000e+00 0.000e+00 -0.000e+00 -0.000e+00 0.000e+00 0.000e+00 0.000e+00 0.000e+00 -0.000e+00 0.000e+00 0.000e+00 0.000e+00 0.000e+00 0.000e+00 -0.000e+00 0.000e+00 0.000e+00 0.000e+00 0.000e+00 0.000e+00 0.000e+00 -0.000e+00 0.000e+00 -0.000e+00 0.000e+00 0.000e+00 -0.000e+00
6.734e-08 3.687e-05 1.185e-07 4.310e-05 -6.846e-07 -6.936e-07 -7.398e-07 9.609e-08 3.983e-05 -7.503e-07 -4.597e-07 1.315e-03 -6.453e-07 1.572e-03 -4.897e-06 -5.721e-06 -6.036e-06 -5.184e-07 1.437e-03 -5.165e-06 -2.275e-07 2.520e-04 -5.832e-07 3.038e-04 1.038e-05 1.080e-05 1.224e-05 -3.817e-07 2.764e-04 1.185e-05 -0.000e+00 0.000e+00 -0.000e+00 0.000e+00 0.000e+00 0.000e+00 0.000e+00 -0.000e+00 0.000e+00 0.000e+00 -0.000e+00 -0.000e+00 -0.000e+00 -0.000e+00 0.000e+00 0.000e+00 0.000e+00 -0.000e+00 -0.000e+00 0.000e+00 -0.000e+00 -0.000e+00 -0.000e+00 -0.000e+00 0.000e+00 -0.000e+00 -0.000e+00 -0.000e+00 -0.000e+00 -0.000e+00 -0.000e+00 0.000e+00 0.000e+00 0.000e+00 0.000e+00 0.000e+00 0.000e+00 0.000e+00 0.000e+00 0.000e+00 0.000e+00 -0.000e+00 0.000e+00 -0.000e+00 -0.000e+00 -0.000e+00 -0.000e+00 0.000e+00 -0.000e+00 -0.000e+00 -0.000e+00 -0.000e+00 -0.000e+00 -0.000e+00 -0.000e+00 -0.000e+00 -0.000e+00 -0.000e+00 -0.000e+00 -0.000e+00
1.681e-08 -1.057e-07 1.154e-07 -2.667e-07 6.399e-09 6.887e-09 1.485e-08 4.346e-08 -1.681e-07 1.166e-08 1.881e-07 -6.453e-07 1.245e-06 -1.188e-06 3.716e-08 1.023e-07 1.406e-07 4.829e-07 -8.765e-07 5.075e-08 3.899e-08 1.357e-07 1.842e-07 2.843e-07 -2.760e-08 -4.784e-08 -4.068e-08 8.338e-08 1.963e-07 -2.613e-08 0.000e+00 0.000e+00 0.000e+00 0.000e+00 0.000e+00 0.000e+00 0.000e+00 0.000e+00 0.000e+00 0.000e+00 0.000e+00 0.000e+00 0.000e+00 0.000e+00 0.000e+00 0.000e+00 0.000e+00 0.000e+00 0.000e+00 0.000e+00 0.000e+00 0.000e+00 0.000e+00 0.000e+00 -0.000e+00 -0.000e+00 -0.000e+00 0.000e+00 0.000e+00 -0.000e+00 0.000e+00 0.000e+00 0.000e+00 0.000e+00 -0.000e+00 -0.000e+00 -0.000e+00 0.000e+00 0.000e+00 -0.000e+00 0.000e+00 0.000e+00 0.000e+00 0.000e+00 0.000e+00 0.000e+00 0.000e+00 0.000e+00 0.000e+00 0.000e+00 -0.000e+00 0.000e+00 0.000e+00 0.000e+00 -0.000e+00 -0.000e+00 -0.000e+00 0.000e+00 0.000e+00 -0.000e+00
1.464e-07 4.357e-05 3.046e-07 5.670e-05 -8.175e-07 -1.159e-06 -1.232e-06 2.103e-07 4.963e-05 -8.752e-07 -5.485e-07 1.572e-03 -1.188e-06 2.014e-03 -5.976e-06 -8.426e-06 -9.164e-06 -8.189e-07 1.779e-03 -6.489e-06 -4.903e-07 3.034e-04 -9.800e-07 3.859e-04 1.114e-05 1.516e-05 1.740e-05 -7.197e-07 3.417e-04 1.285e-05 -0.000e+00 0.000e+00 -0.000e+00 0.000e+00 0.000e+00 0.000e+00 0.000e+00 -0.000e+00 0.000e+00 0.000e+00 -0.000e+00 -0.000e+00 -0.000e+00 -0.000e+00 0.000e+00 0.000e+00 0.000e+00 -0.000e+00 -0.000e+00 0.000e+00 -0.000e+00 -0.000e+00 -0.000e+00 -0.000e+00 -0.000e+00 -0.000e+00 -0.000e+00 -0.000e+00 -0.000e+00 -0.000e+00 0.000e+00 0.000e+00 0.000e+00 0.000e+00 0.000e+00 0.000e+00 0.000e+00 0.000e+00 0.000e+00 0.000e+00 0.000e+00 -0.000e+00 0.000e+00 -0.000e+00 -0.000e+00 -0.000e+00 -0.000e+00 0.000e+00 -0.000e+00 -0.000e+00 -0.000e+00 -0.000e+00 -0.000e+00 -0.000e+00 -0.000e+00 -0.000e+00 -0.000e+00 -0.000e+00 -0.000e+00 -0.000e+00
-1.512e-08 -3.872e-07 -1.767e-08 -6.045e-07 2.553e-07 1.111e-07 1.042e-07 -1.269e-08 -4.886e-07 2.572e-07 -7.121e-08 -4.897e-06 3.716e-08 -5.976e-06 1.297e-05 5.977e-06 6.616e-06 -3.486e-08 -5.410e-06 1.422e-05 2.203e-08 1.178e-07 4.640e-08 1.529e-06 2.222e-06 6.997e-07 6.651e-07 4.098e-08 7.524e-07 2.365e-06 0.000e+00 -0.000e+00 0.000e+00 -0.000e+00 0.000e+00 0.000e+00 0.000e+00 0.000e+00 -0.000e+00 0.000e+00 -0.000e+00 0.000e+00 -0.000e+00 0.000e+00 0.000e+00 -0.000e+00 -0.000e+00 -0.000e+00 0.000e+00 0.000e+00 -0.000e+00 0.000e+00 -0.000e+00 0.000e+00 0.000e+00 -0.000e+00 0.000e+00 -0.000e+00 0.000e+00 0.000e+00 0.000e+00 0.000e+00 -0.000e+00 0.000e+00 -0.000e+00 0.000e+00 0.000e+00 0.000e+00 0.000e+00 -0.000e+00 -0.000e+00 -0.000e+00 -0.000e+00 -0.000e+00 0.000e+00 0.000e+00 0.000e+00 -0.000e+00 -0.000e+00 0.000e+00 0.000e+00 -0.000e+00 -0.000e+00 -0.000e+00 -0.000e+00 0.000e+00 0.000e+00 -0.000e+00 -0.000e+00 -0.000e+00
-1.281e-08 -5.856e-07 -4.692e-08 -1.144e-06 9.711e-08 2.554e-07 2.953e-07 -2.314e-08 -8.429e-07 1.170e-07 4.306e-08 -5.721e-06 1.023e-07 -8.426e-06 5.977e-06 1.385e-05 1.552e-05 7.599e-08 -6.988e-06 6.919e-06 4.977e-08 8.683e-07 1.059e-07 2.863e-06 6.476e-07 1.606e-06 1.741e-06 8.305e-08 1.729e-06 7.121e-07 0.000e+00 -0.000e+00 0.000e+00 -0.000e+00 0.000e+00 0.000e+00 0.000e+00 0.000e+00 -0.000e+00 0.000e+00 0.000e+00 0.000e+00 -0.000e+00 0.000e+00 0.000e+00 -0.000e+00 -0.000e+00 0.000e+00 0.000e+00 0.000e+00 -0.000e+00 0.000e+00 0.000e+00 0.000e+00 0.000e+00 0.000e+00 0.000e+00 -0.000e+00 0.000e+00 0.000e+00 -0.000e+00 0.000e+00 -0.000e+00 0.000e+00 0.000e+00 0.000e+00 0.000e+00 -0.000e+00 0.000e+00 0.000e+00 -0.000e+00 -0.000e+00 -0.000e+00 -0.000e+00 0.000e+00 0.000e+00 0.000e+00 -0.000e+00 -0.000e+00 0.000e+00 0.000e+00 0.000e+00 -0.000e+00 -0.000e+00 0.000e+00 0.000e+00 0.000e+00 -0.000e+00 -0.000e+00 0.000e+00
-2.384e-08 -6.509e-07 -6.353e-08 -1.322e-06 1.049e-07 2.967e-07 3.681e-07 -4.117e-08 -9.508e-07 1.337e-07 3.678e-08 -6.036e-06 1.406e-07 -9.164e-06 6.616e-06 1.552e-05 1.814e-05 7.735e-08 -7.474e-06 7.921e-06 4.536e-08 7.727e-07 1.262e-07 3.173e-06 7.143e-07 1.789e-06 2.002e-06 7.917e-08 1.790e-06 8.062e-07 0.000e+00 -0.000e+00 0.000e+00 -0.000e+00 0.000e+00 0.000e+00 0.000e+00 0.000e+00 -0.000e+00 0.000e+00 0.000e+00 0.000e+00 -0.000e+00 0.000e+00 0.000e+00 -0.000e+00 -0.000e+00 -0.000e+00 0.000e+00 -0.000e+00 -0.000e+00 0.000e+00 0.000e+00 0.000e+00 0.000e+00 0.000e+00 0.000e+00 -0.000e+00 0.000e+00 0.000e+00 -0.000e+00 0.000e+00 -0.000e+00 0.000e+00 0.000e+00 0.000e+00 0.000e+00 -0.000e+00 0.000e+00 0.000e+00 -0.000e+00 -0.000e+00 -0.000e+00 -0.000e+00 0.000e+00 0.000e+00 0.000e+00 -0.000e+00 -0.000e+00 0.000e+00 0.000e+00 0.000e+00 -0.000e+00 -0.000e+00 0.000e+00 0.000e+00 0.000e+00 -0.000e+00 0.000e+00 0.000e+00
1.750e-08 -8.804e-08 4.231e-08 -1.648e-07 8.020e-09 1.043e-08 6.485e-09 3.144e-08 -1.211e-07 7.162e-09 2.945e-07 -5.184e-07 4.829e-07 -8.189e-07 -3.486e-08 7.599e-08 7.735e-08 4.772e-07 -6.539e-07 -5.996e-08 5.393e-08 2.922e-07 8.570e-08 2.450e-07 -1.124e-07 -4.598e-08 -3.159e-08 8.011e-08 2.848e-07 -1.344e-07 -0.000e+00 0.000e+00 0.000e+00 0.000e+00 -0.000e+00 0.000e+00 0.000e+00 -0.000e+00 0.000e+00 -0.000e+00 0.000e+00 0.000e+00 0.000e+00 0.000e+00 -0.000e+00 0.000e+00 0.000e+00 0.000e+00 0.000e+00 -0.000e+00 0.000e+00 0.000e+00 0.000e+00 0.000e+00 -0.000e+00 0.000e+00 -0.000e+00 0.000e+00 0.000e+00 -0.000e+00 0.000e+00 0.000e+00 0.000e+00 0.000e+00 0.000e+00 -0.000e+00 -0.000e+00 0.000e+00 0.000e+00 0.000e+00 0.000e+00 -0.000e+00 0.000e+00 0.000e+00 0.000e+00 0.000e+00 0.000e+00 0.000e+00 0.000e+00 0.000e+00 0.000e+00 0.000e+00 0.000e+00 0.000e+00 -0.000e+00 -0.000e+00 -0.000e+00 0.000e+00 0.000e+00 -0.000e+00
1.021e-07 4.006e-05 1.905e-07 4.941e-05 -7.529e-07 -9.005e-07 -9.573e-07 1.436e-07 4.446e-05 -8.181e-07 -4.982e-07 1.437e-03 -8.765e-07 1.779e-03 -5.410e-06 -6.988e-06 -7.474e-06 -6.539e-07 1.599e-03 -5.788e-06 -3.281e-07 2.762e-04 -7.562e-07 3.420e-04 1.079e-05 1.284e-05 1.463e-05 -5.253e-07 3.071e-04 1.240e-05 -0.000e+00 0.000e+00 -0.000e+00 0.000e+00 0.000e+00 0.000e+00 0.000e+00 -0.000e+00 0.000e+00 0.000e+00 -0.000e+00 -0.000e+00 -0.000e+00 -0.000e+00 0.000e+00 0.000e+00 0.000e+00 -0.000e+00 -0.000e+00 0.000e+00 -0.000e+00 -0.000e+00 -0.000e+00 -0.000e+00 -0.000e+00 -0.000e+00 -0.000e+00 -0.000e+00 -0.000e+00 -0.000e+00 0.000e+00 0.000e+00 0.000e+00 0.000e+00 0.000e+00 0.000e+00 0.000e+00 0.000e+00 0.000e+00 0.000e+00 0.000e+00 -0.000e+00 0.000e+00 -0.000e+00 -0.000e+00 -0.000e+00 -0.000e+00 0.000e+00 -0.000e+00 -0.000e+00 -0.000e+00 -0.000e+00 -0.000e+00 -0.000e+00 -0.000e+00 -0.000e+00 -0.000e+00 -0.000e+00 -0.000e+00 -0.000e+00
-2.134e-08 -4.412e-07 -2.362e-08 -6.969e-07 2.660e-07 1.397e-07 1.362e-07 -2.189e-08 -5.578e-07 2.833e-07 -1.029e-07 -5.165e-06 5.075e-08 -6.489e-06 1.422e-05 6.919e-06 7.921e-06 -5.996e-08 -5.788e-06 1.611e-05 -1.585e-09 -4.889e-08 5.364e-08 1.734e-06 2.415e-06 7.974e-07 7.752e-07 3.969e-08 7.429e-07 2.653e-06 0.000e+00 -0.000e+00 0.000e+00 -0.000e+00 0.000e+00 0.000e+00 0.000e+00 0.000e+00 -0.000e+00 0.000e+00 -0.000e+00 0.000e+00 -0.000e+00 0.000e+00 0.000e+00 -0.000e+00 -0.000e+00 -0.000e+00 0.000e+00 0.000e+00 -0.000e+00 -0.000e+00 -0.000e+00 0.000e+00 0.000e+00 0.000e+00 0.000e+00 -0.000e+00 0.000e+00 0.000e+00 0.000e+00 0.000e+00 -0.000e+00 0.000e+00 -0.000e+00 0.000e+00 0.000e+00 0.000e+00 0.000e+00 -0.000e+00 -0.000e+00 -0.000e+00 -0.000e+00 -0.000e+00 0.000e+00 0.000e+00 0.000e+00 -0.000e+00 -0.000e+00 0.000e+00 0.000e+00 -0.000e+00 -0.000e+00 -0.000e+00 -0.000e+00 0.000e+00 0.000e+00 -0.000e+00 -0.000e+00 -0.000e+00
0.000e+00 -0.000e+00 0.000e+00 -0.000e+00 -0.000e+00 -0.000e+00 0.000e+00 0.000e+00 -0.000e+00 -0.000e+00 1.246e-07 -2.275e-07 3.899e-08 -4.903e-07 2.203e-08 4.977e-08 4.536e-08 5.393e-08 -3.281e-07 -1.585e-09 1.394e-06 1.352e-06 1.934e-07 1.130e-06 5.469e-08 -9.835e-09 -2.089e-08 5.022e-07 1.306e-06 1.106e-07 1.518e-07 6.859e-07 2.033e-08 5.041e-07 -1.955e-07 3.060e-09 3.973e-08 8.858e-08 6.395e-07 -1.645e-07 0.000e+00 -0.000e+00 0.000e+00 0.000e+00 0.000e+00 0.000e+00 0.000e+00 -0.000e+00 -0.000e+00 0.000e+00 0.000e+00 0.000e+00 0.000e+00 -0.000e+00 -0.000e+00 -0.000e+00 -0.000e+00 0.000e+00 0.000e+00 -0.000e+00 0.000e+00 -0.000e+00 0.000e+00 0.000e+00 0.000e+00 -0.000e+00 -0.000e+00 0.000e+00 -0.000e+00 0.000e+00 -0.000e+00 0.000e+00 0.000e+00 0.000e+00 0.000e+00 0.000e+00 0.000e+00 -0.000e+00 0.000e+00 0.000e+00 -0.000e+00 0.000e+00 0.000e+00 0.000e+00 0.000e+00 0.000e+00 0.000e+00 -0.000e+00 0.000e+00 -0.000e+00
0.000e+00 0.000e+00 0.000e+00 0.000e+00 -0.000e+00 -0.000e+00 -0.000e+00 0.000e+00 0.000e+00 -0.000e+00 4.400e-07 2.520e-04 1.357e-07 3.034e-04 1.178e-07 8.683e-07 7.727e-07 2.922e-07 2.762e-04 -4.889e-08 1.352e-06 3.425e-03 7.516e-07 4.328e-03 3.345e-06 6.409e-06 7.338e-06 1.132e-06 3.851e-03 3.841e-06 3.159e-07 3.504e-04 8.944e-07 4.384e-04 -1.095e-06 2.874e-06 2.497e-06 4.500e-07 3.919e-04 -2.376e-06 -0.000e+00 -0.000e+00 -0.000e+00 -0.000e+00 -0.000e+00 0.000e+00 0.000e+00 -0.000e+00 -0.000e+00 -0.000e+00 0.000e+00 0.000e+00 0.000e+00 0.000e+00 0.000e+00 0.000e+00 0.000e+00 0.000e+00 0.000e+00 0.000e+00 -0.000e+00 -0.000e+00 -0.000e+00 0.000e+00 -0.000e+00 -0.000e+00 -0.000e+00 -0.000e+00 0.000e+00 -0.000e+00 0.000e+00 -0.000e+00 -0.000e+00 0.000e+00 0.000e+00 0.000e+00 0.000e+00 0.000e+00 -0.000e+00 0.000e+00 -0.000e+00 0.000e+00 -0.000e+00 0.000e+00 0.000e+00 -0.000e+00 0.000e+00 -0.000e+00 0.000e+00 0.000e+00
0.000e+00 -0.000e+00 0.000e+00 -0.000e+00 0.000e+00 -0.000e+00 -0.000e+00 0.000e+00 -0.000e+00 0.000e+00 4.157e-08 -5.832e-07 1.842e-07 -9.800e-07 4.640e-08 1.059e-07 1.262e-07 8.570e-08 -7.562e-07 5.364e-08 1.934e-07 7.516e-07 1.191e-06 1.319e-06 -3.638e-08 -7.276e-08 -7.685e-08 4.777e-07 9.956e-07 -3.691e-08 2.648e-08 4.036e-07 1.139e-07 7.161e-07 2.717e-08 -1.378e-09 -1.940e-08 5.559e-08 5.406e-07 2.477e-08 0.000e+00 0.000e+00 0.000e+00 -0.000e+00 -0.000e+00 -0.000e+00 0.000e+00 0.000e+00 -0.000e+00 -0.000e+00 0.000e+00 0.000e+00 0.000e+00 0.000e+00 -0.000e+00 -0.000e+00 -0.000e+00 0.000e+00 0.000e+00 -0.000e+00 0.000e+00 0.000e+00 0.000e+00 0.000e+00 -0.000e+00 0.000e+00 0.000e+00 0.000e+00 0.000e+00 -0.000e+00 0.000e+00 0.000e+00 0.000e+00 0.000e+00 0.000e+00 0.000e+00 0.000e+00 0.000e+00 0.000e+00 0.000e+00 0.000e+00 0.000e+00 0.000e+00 0.000e+00 -0.000e+00 0.000e+00 0.000e+00 0.000e+00 0.000e+00 0.000e+00
0.000e+00 0.000e+00 0.000e+00 0.000e+00 -0.000e+00 -0.000e+00 -0.000e+00 0.000e+00 0.000e+00 -0.000e+00 2.092e-07 3.038e-04 2.843e-07 3.859e-04 1.529e-06 2.863e-06 3.173e-06 2.450e-07 3.420e-04 1.734e-06 1.130e-06 4.328e-03 1.319e-06 5.790e-03 5.911e-06 8.478e-06 9.505e-06 1.200e-06 5.007e-03 6.632e-06 4.535e-07 4.453e-04 1.133e-06 6.044e-04 2.243e-06 4.245e-06 4.389e-06 7.172e-07 5.182e-04 1.915e-06 -0.000e+00 -0.000e+00 -0.000e+00 -0.000e+00 0.000e+00 0.000e+00 0.000e+00 -0.000e+00 -0.000e+00 0.000e+00 0.000e+00 0.000e+00 0.000e+00 0.000e+00 0.000e+00 0.000e+00 0.000e+00 0.000e+00 0.000e+00 0.000e+00 -0.000e+00 0.000e+00 -0.000e+00 0.000e+00 -0.000e+00 -0.000e+00 -0.000e+00 -0.000e+00 0.000e+00 -0.000e+00 0.000e+00 -0.000e+00 -0.000e+00 0.000e+00 0.000e+00 0.000e+00 0.000e+00 0.000e+00 0.000e+00 0.000e+00 -0.000e+00 0.000e+00 -0.000e+00 0.000e+00 -0.000e+00 -0.000e+00 -0.000e+00 -0.000e+00 0.000e+00 0.000e+00
0.000e+00 -0.000e+00 0.000e+00 -0.000e+00 0.000e+00 -0.000e+00 -0.000e+00 0.000e+00 -0.000e+00 0.000e+00 -1.830e-07 1.038e-05 -2.760e-08 1.114e-05 2.222e-06 6.476e-07 7.143e-07 -1.124e-07 1.079e-05 2.415e-06 5.469e-08 3.345e-06 -3.638e-08 5.911e-06 3.164e-05 1.076e-05 1.214e-05 4.445e-08 4.498e-06 3.564e-05 -2.132e-07 -8.946e-07 -1.612e-07 3.352e-07 3.328e-06 1.446e-06 1.533e-06 -2.005e-07 -3.569e-07 3.636e-06 -0.000e+00 0.000e+00 0.000e+00 0.000e+00 0.000e+00 0.000e+00 0.000e+00 -0.000e+00 0.000e+00 0.000e+00 -0.000e+00 -0.000e+00 0.000e+00 0.000e+00 0.000e+00 0.000e+00 0.000e+00 -0.000e+00 -0.000e+00 0.000e+00 -0.000e+00 0.000e+00 -0.000e+00 0.000e+00 0.000e+00 0.000e+00 0.000e+00 -0.000e+00 0.000e+00 0.000e+00 -0.000e+00 0.000e+00 -0.000e+00 -0.000e+00 -0.000e+00 -0.000e+00 -0.000e+00 -0.000e+00 -0.000e+00 -0.000e+00 -0.000e+00 -0.000e+00 0.000e+00 -0.000e+00 -0.000e+00 -0.000e+00 0.000e+00 -0.000e+00 -0.000e+00 -0.000e+00
0.000e+00 -0.000e+00 0.000e+00 -0.000e+00 -0.000e+00 0.000e+00 0.000e+00 0.000e+00 -0.000e+00 -0.000e+00 -4.011e-08 1.080e-05 -4.784e-08 1.516e-05 6.997e-07 1.606e-06 1.789e-06 -4.598e-08 1.284e-05 7.974e-07 -9.835e-09 6.409e-06 -7.276e-08 8.478e-06 1.076e-05 2.516e-05 2.873e-05 -1.636e-08 7.389e-06 1.252e-05 -1.518e-07 7.302e-07 -2.128e-07 9.595e-07 1.239e-06 2.763e-06 3.056e-06 -2.005e-07 8.270e-07 1.371e-06 0.000e+00 0.000e+00 0.000e+00 0.000e+00 0.000e+00 0.000e+00 0.000e+00 0.000e+00 0.000e+00 0.000e+00 0.000e+00 0.000e+00 0.000e+00 0.000e+00 0.000e+00 0.000e+00 0.000e+00 0.000e+00 0.000e+00 0.000e+00 0.000e+00 0.000e+00 0.000e+00 0.000e+00 -0.000e+00 0.000e+00 0.000e+00 0.000e+00 0.000e+00 -0.000e+00 -0.000e+00 -0.000e+00 -0.000e+00 -0.000e+00 -0.000e+00 -0.000e+00 -0.000e+00 -0.000e+00 -0.000e+00 -0.000e+00 0.000e+00 -0.000e+00 0.000e+00 -0.000e+00 -0.000e+00 0.000e+00 0.000e+00 -0.000e+00 -0.000e+00 -0.000e+00
0.000e+00 -0.000e+00 0.000e+00 -0.000e+00 -0.000e+00 0.000e+00 0.000e+00 0.000e+00 -0.000e+00 -0.000e+00 -2.754e-08 1.224e-05 -4.068e-08 1.740e-05 6.651e-07 1.741e-06 2.002e-06 -3.159e-08 1.463e-05 7.752e-07 -2.089e-08 7.338e-06 -7.685e-08 9.505e-06 1.214e-05 2.873e-05 3.384e-05 -3.691e-08 8.369e-06 1.451e-05 -1.623e-07 6.992e-07 -2.449e-07 8.758e-07 1.505e-06 3.203e-06 3.666e-06 -2.058e-07 7.703e-07 1.717e-06 0.000e+00 0.000e+00 0.000e+00 0.000e+00 0.000e+00 0.000e+00 0.000e+00 0.000e+00 0.000e+00 0.000e+00 0.000e+00 0.000e+00 0.000e+00 0.000e+00 0.000e+00 0.000e+00 0.000e+00 0.000e+00 0.000e+00 0.000e+00 -0.000e+00 0.000e+00 0.000e+00 0.000e+00 -0.000e+00 0.000e+00 0.000e+00 -0.000e+00 0.000e+00 0.000e+00 -0.000e+00 -0.000e+00 -0.000e+00 -0.000e+00 -0.000e+00 -0.000e+00 -0.000e+00 -0.000e+00 -0.000e+00 -0.000e+00 0.000e+00 -0.000e+00 0.000e+00 -0.000e+00 0.000e+00 0.000e+00 0.000e+00 0.000e+00 -0.000e+00 0.000e+00
0.000e+00 -0.000e+00 0.000e+00 -0.000e+00 0.000e+00 -0.000e+00 -0.000e+00 0.000e+00 -0.000e+00 0.000e+00 5.441e-08 -3.817e-07 8.338e-08 -7.197e-07 4.098e-08 8.305e-08 7.917e-08 8.011e-08 -5.253e-07 3.969e-08 5.022e-07 1.132e-06 4.777e-07 1.200e-06 4.445e-08 -1.636e-08 -3.691e-08 7.260e-07 1.191e-06 5.155e-08 8.870e-08 5.606e-07 4.840e-08 5.782e-07 -8.140e-08 1.825e-08 2.399e-08 1.197e-07 5.900e-07 -7.672e-08 -0.000e+00 -0.000e+00 0.000e+00 -0.000e+00 0.000e+00 0.000e+00 0.000e+00 0.000e+00 -0.000e+00 0.000e+00 0.000e+00 0.000e+00 0.000e+00 0.000e+00 -0.000e+00 -0.000e+00 -0.000e+00 0.000e+00 0.000e+00 -0.000e+00 0.000e+00 -0.000e+00 0.000e+00 0.000e+00 0.000e+00 0.000e+00 0.000e+00 0.000e+00 0.000e+00 0.000e+00 -0.000e+00 0.000e+00 0.000e+00 0.000e+00 0.000e+00 0.000e+00 0.000e+00 -0.000e+00 0.000e+00 0.000e+00 -0.000e+00 0.000e+00 0.000e+00 0.000e+00 -0.000e+00 -0.000e+00 0.000e+00 -0.000e+00 0.000e+00 -0.000e+00
0.000e+00 0.000e+00 0.000e+00 0.000e+00 -0.000e+00 -0.000e+00 -0.000e+00 0.000e+00 0.000e+00 -0.000e+00 3.330e-07 2.764e-04 1.963e-07 3.417e-04 7.524e-07 1.729e-06 1.790e-06 2.848e-07 3.071e-04 7.429e-07 1.306e-06 3.851e-03 9.956e-07 5.007e-03 4.498e-06 7.389e-06 8.369e-06 1.191e-06 4.392e-03 5.121e-06 3.549e-07 3.948e-04 1.006e-06 5.144e-04 4.027e-07 3.462e-06 3.287e-06 5.568e-07 4.504e-04 -4.566e-07 -0.000e+00 -0.000e+00 -0.000e+00 -0.000e+00 0.000e+00 0.000e+00 0.000e+00 -0.000e+00 -0.000e+00 -0.000e+00 0.000e+00 0.000e+00 0.000e+00 0.000e+00 0.000e+00 0.000e+00 0.000e+00 0.000e+00 0.000e+00 0.000e+00 -0.000e+00 -0.000e+00 -0.000e+00 0.000e+00 -0.000e+00 -0.000e+00 -0.000e+00 -0.000e+00 0.000e+00 -0.000e+00 0.000e+00 -0.000e+00 -0.000e+00 0.000e+00 0.000e+00 0.000e+00 0.000e+00 0.000e+00 0.000e+00 0.000e+00 -0.000e+00 0.000e+00 -0.000e+00 0.000e+00 0.000e+00 -0.000e+00 -0.000e+00 -0.000e+00 0.000e+00 0.000e+00
0.000e+00 -0.000e+00 0.000e+00 -0.000e+00 0.000e+00 -0.000e+00 -0.000e+00 0.000e+00 -0.000e+00 0.000e+00 -1.761e-07 1.185e-05 -2.613e-08 1.285e-05 2.365e-06 7.121e-07 8.062e-07 -1.344e-07 1.240e-05 2.653e-06 1.106e-07 3.841e-06 -3.691e-08 6.632e-06 3.564e-05 1.252e-05 1.451e-05 5.155e-08 5.121e-06 4.132e-05 -2.399e-07 -1.100e-06 -1.826e-07 3.267e-07 3.882e-06 1.708e-06 1.842e-06 -2.320e-07 -4.694e-07 4.388e-06 -0.000e+00 0.000e+00 0.000e+00 0.000e+00 0.000e+00 0.000e+00 0.000e+00 -0.000e+00 0.000e+00 0.000e+00 -0.000e+00 -0.000e+00 0.000e+00 0.000e+00 0.000e+00 0.000e+00 0.000e+00 -0.000e+00 -0.000e+00 0.000e+00 -0.000e+00 0.000e+00 -0.000e+00 0.000e+00 0.000e+00 0.000e+00 0.000e+00 -0.000e+00 0.000e+00 0.000e+00 -0.000e+00 0.000e+00 -0.000e+00 -0.000e+00 -0.000e+00 -0.000e+00 -0.000e+00 -0.000e+00 -0.000e+00 -0.000e+00 0.000e+00 -0.000e+00 0.000e+00 -0.000e+00 -0.000e+00 -0.000e+00 -0.000e+00 -0.000e+00 -0.000e+00 -0.000e+00
-0.000e+00 0.000e+00 -0.000e+00 0.000e+00 0.000e+00 -0.000e+00 0.000e+00 -0.000e+00 0.000e+00 0.000e+00 0.000e+00 -0.000e+00 0.000e+00 -0.000e+00 0.000e+00 0.000e+00 0.000e+00 -0.000e+00 -0.000e+00 0.000e+00 1.518e-07 3.159e-07 2.648e-08 4.535e-07 -2.132e-07 -1.518e-07 -1.623e-07 8.870e-08 3.549e-07 -2.399e-07 2.815e-06 1.345e-06 2.940e-07 9.986e-07 7.717e-08 2.811e-08 7.120e-08 8.234e-07 1.148e-06 4.020e-08 6.131e-07 3.278e-07 4.605e-08 9.201e-07 2.252e-07 -1.399e-08 4.016e-08 7.106e-08 5.715e-07 1.552e-07 -0.000e+00 0.000e+00 0.000e+00 0.000e+00 -0.000e+00 -0.000e+00 0.000e+00 -0.000e+00 0.000e+00 -0.000e+00 -0.000e+00 -0.000e+00 -0.000e+00 0.000e+00 -0.000e+00 0.000e+00 0.000e+00 0.000e+00 -0.000e+00 -0.000e+00 0.000e+00 -0.000e+00 0.000e+00 0.000e+00 0.000e+00 0.000e+00 0.000e+00 0.000e+00 -0.000e+00 0.000e+00 0.000e+00 0.000e+00 0.000e+00 0.000e+00 -0.000e+00 -0.000e+00 -0.000e+00 0.000e+00 0.000e+00 -0.000e+00
0.000e+00 0.000e+00 0.000e+00 0.000e+00 0.000e+00 -0.000e+00 -0.000e+00 0.000e+00 0.000e+00 0.000e+00 0.000e+00 0.000e+00 0.000e+00 0.000e+00 -0.000e+00 -0.000e+00 -0.000e+00 0.000e+00 0.000e+00 -0.000e+00 6.859e-07 3.504e-04 4.036e-07 4.453e-04 -8.946e-07 7.302e-07 6.992e-07 5.606e-07 3.948e-04 -1.100e-06 1.345e-06 2.488e-03 1.256e-06 3.343e-03 1.213e-05 1.190e-05 1.413e-05 1.330e-06 2.885e-03 1.472e-05 -1.318e-07 2.316e-04 1.585e-06 3.332e-04 5.098e-06 5.401e-06 6.430e-06 5.608e-07 2.774e-04 6.344e-06 0.000e+00 0.000e+00 0.000e+00 0.000e+00 0.000e+00 0.000e+00 0.000e+00 0.000e+00 0.000e+00 0.000e+00 0.000e+00 0.000e+00 -0.000e+00 0.000e+00 0.000e+00 0.000e+00 0.000e+00 -0.000e+00 0.000e+00 0.000e+00 0.000e+00 0.000e+00 0.000e+00 0.000e+00 0.000e+00 0.000e+00 0.000e+00 0.000e+00 0.000e+00 0.000e+00 -0.000e+00 -0.000e+00 0.000e+00 -0.000e+00 -0.000e+00 -0.000e+00 -0.000e+00 0.000e+00 -0.000e+00 -0.000e+00
-0.000e+00 0.000e+00 0.000e+00 0.000e+00 -0.000e+00 0.000e+00 0.000e+00 -0.000e+00 0.000e+00 -0.000e+00 0.000e+00 -0.000e+00 0.000e+00 -0.000e+00 0.000e+00 0.000e+00 0.000e+00 0.000e+00 -0.000e+00 0.000e+00 2.033e-08 8.944e-07 1.139e-07 1.133e-06 -1.612e-07 -2.128e-07 -2.449e-07 4.840e-08 1.006e-06 -1.826e-07 2.940e-07 1.256e-06 1.707e-06 2.118e-06 8.514e-08 5.461e-08 7.905e-08 7.094e-07 1.630e-06 1.151e-07 4.346e-08 6.632e-07 2.176e-07 1.185e-06 -2.906e-09 4.432e-08 8.942e-08 9.687e-08 8.849e-07 1.327e-08 0.000e+00 0.000e+00 0.000e+00 0.000e+00 0.000e+00 -0.000e+00 -0.000e+00 0.000e+00 0.000e+00 0.000e+00 0.000e+00 0.000e+00 0.000e+00 0.000e+00 0.000e+00 0.000e+00 -0.000e+00 0.000e+00 0.000e+00 0.000e+00 0.000e+00 0.000e+00 0.000e+00 0.000e+00 -0.000e+00 -0.000e+00 -0.000e+00 0.000e+00 0.000e+00 -0.000e+00 0.000e+00 0.000e+00 0.000e+00 0.000e+00 -0.000e+00 -0.000e+00 -0.000e+00 0.000e+00 0.000e+00 -0.000e+00
0.000e+00 0.000e+00 0.000e+00 0.000e+00 -0.000e+00 -0.000e+00 -0.000e+00 0.000e+00 0.000e+00 -0.000e+00 0.000e+00 0.000e+00 0.000e+00 0.000e+00 -0.000e+00 -0.000e+00 -0.000e+00 0.000e+00 0.000e+00 -0.000e+00 5.041e-07 4.384e-04 7.161e-07 6.044e-04 3.352e-07 9.595e-07 8.758e-07 5.782e-07 5.144e-04 3.267e-07 9.986e-07 3.343e-03 2.118e-06 4.919e-03 1.444e-05 1.823e-05 2.149e-05 1.453e-06 4.057e-03 1.699e-05 1.427e-06 3.156e-04 2.375e-06 5.262e-04 5.997e-06 8.578e-06 1.113e-05 1.886e-06 4.063e-04 7.928e-06 0.000e+00 0.000e+00 0.000e+00 0.000e+00 0.000e+00 0.000e+00 0.000e+00 0.000e+00 0.000e+00 0.000e+00 -0.000e+00 0.000e+00 -0.000e+00 0.000e+00 0.000e+00 0.000e+00 0.000e+00 -0.000e+00 0.000e+00 0.000e+00 0.000e+00 0.000e+00 0.000e+00 0.000e+00 0.000e+00 0.000e+00 0.000e+00 0.000e+00 0.000e+00 0.000e+00 0.000e+00 -0.000e+00 0.000e+00 -0.000e+00 0.000e+00 -0.000e+00 -0.000e+00 0.000e+00 -0.000e+00 -0.000e+00
-0.000e+00 0.000e+00 0.000e+00 0.000e+00 0.000e+00 -0.000e+00 -0.000e+00 -0.000e+00 0.000e+00 0.000e+00 -0.000e+00 0.000e+00 0.000e+00 0.000e+00 0.000e+00 0.000e+00 0.000e+00 -0.000e+00 0.000e+00 0.000e+00 -1.955e-07 -1.095e-06 2.717e-08 2.243e-06 3.328e-06 1.239e-06 1.505e-06 -8.140e-08 4.027e-07 3.882e-06 7.717e-08 1.213e-05 8.514e-08 1.444e-05 4.403e-05 1.145e-05 1.321e-05 4.345e-08 1.329e-05 5.147e-05 -1.569e-07 -4.377e-06 5.824e-09 -1.122e-05 4.649e-06 9.060e-07 9.404e-07 -1.115e-07 -7.152e-06 5.484e-06 -0.000e+00 -0.000e+00 -0.000e+00 -0.000e+00 0.000e+00 -0.000e+00 -0.000e+00 -0.000e+00 -0.000e+00 0.000e+00 -0.000e+00 -0.000e+00 -0.000e+00 -0.000e+00 0.000e+00 0.000e+00 0.000e+00 -0.000e+00 -0.000e+00 0.000e+00 0.000e+00 0.000e+00 -0.000e+00 0.000e+00 0.000e+00 -0.000e+00 0.000e+00 -0.000e+00 0.000e+00 0.000e+00 -0.000e+00 -0.000e+00 0.000e+00 -0.000e+00 -0.000e+00 0.000e+00 0.000e+00 0.000e+00 -0.000e+00 -0.000e+00
0.000e+00 0.000e+00 0.000e+00 0.000e+00 -0.000e+00 -0.000e+00 -0.000e+00 0.000e+00 0.000e+00 -0.000e+00 0.000e+00 0.000e+00 0.000e+00 0.000e+00 0.000e+00 0.000e+00 0.000e+00 0.000e+00 0.000e+00 0.000e+00 3.060e-09 2.874e-06 -1.378e-09 4.245e-06 1.446e-06 2.763e-06 3.203e-06 1.825e-08 3.462e-06 1.708e-06 2.811e-08 1.190e-05 5.461e-08 1.823e-05 1.145e-05 2.714e-05 3.193e-05 1.880e-08 1.471e-05 1.370e-05 -1.647e-08 -9.539e-06 1.165e-08 -1.666e-05 8.894e-07 2.502e-06 2.996e-06 -4.316e-08 -1.276e-05 1.091e-06 -0.000e+00 -0.000e+00 -0.000e+00 -0.000e+00 -0.000e+00 0.000e+00 0.000e+00 -0.000e+00 -0.000e+00 -0.000e+00 -0.000e+00 -0.000e+00 0.000e+00 -0.000e+00 0.000e+00 0.000e+00 0.000e+00 -0.000e+00 -0.000e+00 0.000e+00 0.000e+00 0.000e+00 -0.000e+00 0.000e+00 0.000e+00 0.000e+00 0.000e+00 -0.000e+00 0.000e+00 0.000e+00 0.000e+00 -0.000e+00 0.000e+00 -0.000e+00 0.000e+00 0.000e+00 0.000e+00 0.000e+00 -0.000e+00 0.000e+00
0.000e+00 0.000e+00 0.000e+00 0.000e+00 -0.000e+00 -0.000e+00 -0.000e+00 0.000e+00 0.000e+00 -0.000e+00 0.000e+00 0.000e+00 0.000e+00 0.000e+00 0.000e+00 0.000e+00 0.000e+00 0.000e+00 0.000e+00 0.000e+00 3.973e-08 2.497e-06 -1.940e-08 4.389e-06 1.533e-06 3.056e-06 3.666e-06 2.399e-08 3.287e-06 1.842e-06 7.120e-08 1.413e-05 7.905e-08 2.149e-05 1.321e-05 3.193e-05 3.931e-05 7.989e-08 1.740e-05 1.643e-05 -1.621e-08 -1.138e-05 -8.227e-09 -2.030e-05 9.637e-07 3.054e-06 3.873e-06 -2.757e-08 -1.530e-05 1.233e-06 -0.000e+00 -0.000e+00 -0.000e+00 -0.000e+00 -0.000e+00 0.000e+00 0.000e+00 -0.000e+00 -0.000e+00 -0.000e+00 -0.000e+00 -0.000e+00 0.000e+00 -0.000e+00 0.000e+00 0.000e+00 0.000e+00 -0.000e+00 -0.000e+00 0.000e+00 -0.000e+00 0.000e+00 -0.000e+00 0.000e+00 0.000e+00 0.000e+00 0.000e+00 -0.000e+00 0.000e+00 0.000e+00 0.000e+00 -0.000e+00 0.000e+00 -0.000e+00 0.000e+00 0.000e+00 0.000e+00 0.000e+00 -0.000e+00 0.000e+00
-0.000e+00 0.000e+00 -0.000e+00 0.000e+00 0.000e+00 -0.000e+00 0.000e+00 -0.000e+00 0.000e+00 0.000e+00 -0.000e+00 -0.000e+00 0.000e+00 -0.000e+00 0.000e+00 0.000e+00 0.000e+00 -0.000e+00 -0.000e+00 0.000e+00 8.858e-08 4.500e-07 5.559e-08 7.172e-07 -2.005e-07 -2.005e-07 -2.058e-07 1.197e-07 5.568e-07 -2.320e-07 8.234e-07 1.330e-06 7.094e-07 1.453e-06 4.345e-08 1.880e-08 7.989e-08 1.189e-06 1.403e-06 8.647e-08 6.644e-08 5.421e-07 9.544e-08 1.092e-06 5.057e-08 -1.100e-08 5.792e-08 1.572e-07 8.103e-07 1.162e-07 -0.000e+00 0.000e+00 0.000e+00 0.000e+00 -0.000e+00 -0.000e+00 -0.000e+00 -0.000e+00 0.000e+00 -0.000e+00 0.000e+00 -0.000e+00 -0.000e+00 0.000e+00 -0.000e+00 0.000e+00 0.000e+00 -0.000e+00 0.000e+00 -0.000e+00 0.000e+00 0.000e+00 0.000e+00 0.000e+00 0.000e+00 -0.000e+00 -0.000e+00 0.000e+00 0.000e+00 0.000e+00 0.000e+00 0.000e+00 0.000e+00 0.000e+00 -0.000e+00 -0.000e+00 -0.000e+00 0.000e+00 0.000e+00 -0.000e+00
0.000e+00 0.000e+00 0.000e+00 0.000e+00 -0.000e+00 -0.000e+00 -0.000e+00 0.000e+00 0.000e+00 -0.000e+00 0.000e+00 0.000e+00 0.000e+00 0.000e+00 -0.000e+00 -0.000e+00 -0.000e+00 0.000e+00 0.000e+00 -0.000e+00 6.395e-07 3.919e-04 5.406e-07 5.182e-04 -3.569e-07 8.270e-07 7.703e-07 5.900e-07 4.504e-04 -4.694e-07 1.148e-06 2.885e-03 1.630e-06 4.057e-03 1.329e-05 1.471e-05 1.740e-05 1.403e-06 3.424e-03 1.593e-05 5.028e-07 2.709e-04 1.941e-06 4.192e-04 5.721e-06 6.873e-06 8.507e-06 1.089e-06 3.360e-04 7.294e-06 0.000e+00 0.000e+00 0.000e+00 0.000e+00 0.000e+00 0.000e+00 0.000e+00 0.000e+00 0.000e+00 0.000e+00 0.000e+00 0.000e+00 -0.000e+00 0.000e+00 0.000e+00 0.000e+00 0.000e+00 -0.000e+00 0.000e+00 0.000e+00 0.000e+00 0.000e+00 0.000e+00 0.000e+00 0.000e+00 0.000e+00 0.000e+00 0.000e+00 0.000e+00 0.000e+00 0.000e+00 -0.000e+00 0.000e+00 -0.000e+00 -0.000e+00 -0.000e+00 -0.000e+00 0.000e+00 -0.000e+00 -0.000e+00
-0.000e+00 0.000e+00 0.000e+00 0.000e+00 0.000e+00 -0.000e+00 -0.000e+00 -0.000e+00 0.000e+00 0.000e+00 -0.000e+00 0.000e+00 0.000e+00 0.000e+00 0.000e+00 0.000e+00 0.000e+00 -0.000e+00 0.000e+00 0.000e+00 -1.645e-07 -2.376e-06 2.477e-08 1.915e-06 3.636e-06 1.371e-06 1.717e-06 -7.672e-08 -4.566e-07 4.388e-06 4.020e-08 1.472e-05 1.151e-07 1.699e-05 5.147e-05 1.370e-05 1.643e-05 8.647e-08 1.593e-05 6.253e-05 -2.579e-07 -5.028e-06 -1.234e-08 -1.379e-05 5.456e-06 1.192e-06 1.304e-06 -2.030e-07 -8.588e-06 6.739e-06 -0.000e+00 -0.000e+00 -0.000e+00 -0.000e+00 0.000e+00 -0.000e+00 -0.000e+00 -0.000e+00 -0.000e+00 0.000e+00 -0.000e+00 -0.000e+00 -0.000e+00 -0.000e+00 0.000e+00 0.000e+00 0.000e+00 -0.000e+00 -0.000e+00 0.000e+00 -0.000e+00 0.000e+00 -0.000e+00 0.000e+00 0.000e+00 -0.000e+00 0.000e+00 -0.000e+00 0.000e+00 0.000e+00 -0.000e+00 -0.000e+00 0.000e+00 -0.000e+00 -0.000e+00 0.000e+00 0.000e+00 -0.000e+00 -0.000e+00 -0.000e+00
0.000e+00 -0.000e+00 0.000e+00 -0.000e+00 0.000e+00 0.000e+00 0.000e+00 0.000e+00 -0.000e+00 0.000e+00 0.000e+00 -0.000e+00 0.000e+00 -0.000e+00 -0.000e+00 0.000e+00 0.000e+00 0.000e+00 -0.000e+00 -0.000e+00 0.000e+00 -0.000e+00 0.000e+00 -0.000e+00 -0.000e+00 0.000e+00 0.000e+00 -0.000e+00 -0.000e+00 -0.000e+00 6.131e-07 -1.318e-07 4.346e-08 1.427e-06 -1.569e-07 -1.647e-08 -1.621e-08 6.644e-08 5.028e-07 -2.579e-07 5.455e-06 2.409e-07 3.053e-07 5.198e-07 -9.228e-08 4.808e-08 8.552e-08 1.245e-06 4.254e-07 -2.311e-07 3.392e-07 1.004e-07 7.226e-08 -9.563e-08 -3.141e-07 -4.151e-09 -6.435e-09 5.912e-08 4.160e-08 -2.057e-07 0.000e+00 0.000e+00 0.000e+00 0.000e+00 0.000e+00 0.000e+00 -0.000e+00 -0.000e+00 0.000e+00 0.000e+00 0.000e+00 -0.000e+00 0.000e+00 0.000e+00 0.000e+00 0.000e+00 0.000e+00 0.000e+00 0.000e+00 0.000e+00 -0.000e+00 0.000e+00 0.000e+00 0.000e+00 -0.000e+00 0.000e+00 0.000e+00 0.000e+00 0.000e+00 0.000e+00
0.000e+00 -0.000e+00 0.000e+00 -0.000e+00 -0.000e+00 -0.000e+00 -0.000e+00 0.000e+00 -0.000e+00 -0.000e+00 0.000e+00 -0.000e+00 0.000e+00 -0.000e+00 0.000e+00 0.000e+00 0.000e+00 0.000e+00 -0.000e+00 0.000e+00 -0.000e+00 -0.000e+00 0.000e+00 -0.000e+00 0.000e+00 0.000e+00 0.000e+00 -0.000e+00 -0.000e+00 0.000e+00 3.278e-07 2.316e-04 6.632e-07 3.156e-04 -4.377e-06 -9.539e-06 -1.138e-05 5.421e-07 2.709e-04 -5.028e-06 2.409e-07 9.780e-04 1.882e-07 1.364e-03 -1.076e-06 -1.680e-06 -1.398e-06 3.447e-07 1.155e-03 -7.977e-07 2.513e-07 1.232e-04 1.280e-07 2.021e-04 -5.803e-06 -4.721e-06 -5.717e-06 3.188e-07 1.578e-04 -7.013e-06 -0.000e+00 0.000e+00 -0.000e+00 0.000e+00 0.000e+00 0.000e+00 0.000e+00 -0.000e+00 0.000e+00 0.000e+00 0.000e+00 0.000e+00 -0.000e+00 0.000e+00 0.000e+00 0.000e+00 0.000e+00 -0.000e+00 0.000e+00 0.000e+00 -0.000e+00 0.000e+00 0.000e+00 0.000e+00 0.000e+00 0.000e+00 0.000e+00 -0.000e+00 0.000e+00 0.000e+00
